11527
16251
24104
5854
19559
14602
17234
29706
15867
16966
8215
25052
26488
4141
13180
10870
13210
30892
477
31666
4321
10636
21988
28058
14243
22852
8130
5564
734
21224
284
679
20415
7662
31844
10267
8014
15712
28098
3561
18051
21834
3361
12024
9602
7211
27435
25603
5350
5133
8267
11320
17837
4926
19817
22386
1850
32248
20264
23869
21467
30652
2554
12787
23947
1715
29679
31373
19765
23751
10002
5255
12753
9019
11532
10111
8511
19559
14638
6695
6635
20072
5594
11236
14578
6787
19218
4214
25854
5252
30796
30271
18282
11445
20572
25040
9872
30352
32126
25226
26361
4731
26325
27281
2613
15712
10018
17723
18969
15620
24504
19577
20719
5247
16417
16806
3088
5607
9817
11776
13078
4581
22030
18798
1232
5661
28676
18848
17217
29306
24514
21469
24381
9802
685
17863
16311
10845
16813
17956
8876
29683
27132
14743
31224
8954
28107
27011
13401
26474
